(36,0)
(109,0)
(109,0)
(109,0)
(109,0)
(109,0)
(249,0)
(291,0)
(494,0)
(835,0)
(885,0)
(890,0)
(1203,0)
(1286,0)
(1578,0)
(1900,0)
(2387,0)
(2473,0)
(2479,0)
(2747,0)
(2759,0)
(3250,0)
(3250,0)
(3347,0)
(3490,0)
(3639,0)
(3742,0)
(4292,0)
(4313,0)
(4317,0)
(4588,0)
(4655,0)
(4770,0)
(4962,0)
(4962,0)
(4962,0)
(5060,0)
(5060,0)
(5495,0)
(5495,0)
(5544,0)
(5727,0)
(5771,0)
(5865,0)
(5958,0)
(6063,0)
(6079,0)
(6171,0)
(6179,0)
(6262,0)
(6378,0)
(6510,0)
(6533,0)
(7338,0)
(7339,0)
(7517,0)
(7632,0)
(7756,0)
(7798,0)
(7936,0)
(7979,0)
(7996,0)
(8109,0)
(8426,0)
(8559,0)
(8619,0)
(8670,0)
(8731,0)
(8803,0)
(9036,0)
(9128,0)
(9356,0)
(9443,0)
(9547,0)
(9710,0)
(9973,0)
(10075,0)
(10134,0)
(10206,0)
(10686,0)
(10799,0)
(10835,0)
(10854,0)
(10932,0)
(10954,0)
(10957,0)
(11285,0)
(11288,0)
(11432,0)
(11728,0)
(11809,0)
(11860,0)
(11870,0)
(12014,0)
(12149,0)
(12167,0)
(12346,0)
(12567,0)
(12712,0)
(12798,0)
(13072,0)
(13203,0)
(13253,0)
(13636,0)
(13794,0)
(13794,0)
(13837,0)
(13837,0)
(13867,0)
(14256,0)
(14256,0)
(14316,0)
(14603,0)
(14667,0)
(14836,0)
(14953,0)
(15057,0)
(15411,0)
(15832,0)
(15930,0)
(16156,0)
(16258,0)
(16279,0)
(16463,0)
(16516,0)
(16553,0)
(16961,0)
(17008,0)
(17149,0)
(17239,0)
(17239,0)
(17260,0)
(17610,0)
(17613,0)
(17651,0)
(17957,0)
(18187,0)
(18254,0)
(18258,0)
(18357,0)
(18436,0)
(18461,0)
(18473,0)
(18897,0)
(18902,0)
(19079,0)
(19470,0)
(19493,0)
(19529,0)
(19754,0)
(19851,0)
(19987,0)
(20071,0)
(20528,0)
(20528,0)
(20536,0)
(20624,0)
(20624,0)
(20643,0)
(20643,0)
(20747,0)
(21093,0)
(21293,0)
(21318,0)
(21399,0)
(21448,0)
(21448,0)
(21448,0)
(21514,0)
(21514,0)
(22337,0)
(22450,0)
(22862,0)
(22921,0)
(22941,0)
(23100,0)
(23161,0)
(23162,0)
(23224,0)
(23238,0)
(23257,0)
(23613,0)
(23657,0)
(23657,0)
(23657,0)
(23657,0)
(23657,0)
(23687,0)
(23734,0)
(23739,0)
(24271,0)
(24677,0)
(24825,0)
(24865,0)
(24938,0)
(25212,0)
(25557,0)
(25757,0)
(25790,0)
(25888,0)
(25921,0)
(26031,0)
(26052,0)
(26218,0)
(26377,0)
(26395,0)
(26672,0)
(26704,0)
(26737,0)
(26855,0)
(26861,0)
(26863,0)
(26872,0)
(26881,0)
(26890,0)
(26927,0)
(27092,0)
(27126,0)
(27128,0)
(27138,0)
(27162,0)
(27171,0)
(27210,0)
(27242,0)
(27245,0)
(27247,0)
(27247,0)
(27326,0)
(27362,0)
(27362,0)
(27370,0)
(27398,0)
(27463,0)
(27471,0)
(27471,0)
(27577,0)
(27599,0)
(27604,0)
(27610,0)
(27615,0)
(27617,0)
(27619,0)
(27620,0)
(27643,0)
(27643,0)
(27677,0)
(27793,0)
(27797,0)
(27806,0)
(27809,0)
(28019,0)
(28050,0)
(28101,0)
(28174,0)
(28228,0)
(28233,0)
(28247,0)
(28259,0)
(28265,0)
(28281,0)
(28293,0)
(28293,0)
(28410,0)
(28498,0)
(28524,0)
(28671,0)
(28676,0)
(28716,0)
(28724,0)
(28882,0)
(28911,0)
(29061,0)
(29307,0)
(29334,0)
(29352,0)
(29378,0)
(29428,0)
(29433,0)
(29456,0)
(29478,0)
(29502,0)
(29518,0)
(29532,0)
(29536,0)
(29541,0)
(29581,0)
(29590,0)
(29646,0)
(29660,0)
(29665,0)
(29705,0)
(29801,0)
(29861,0)
(29866,0)
(29905,0)
(29967,0)
(29967,0)
(30071,0)
(30084,0)
(30113,0)
(30154,0)
(30183,0)
(30217,0)
(30301,0)
(30302,0)
(30349,0)
(30376,0)
(30551,0)
(30552,0)
(30565,0)
(30595,0)
(30601,0)
(30714,0)
(30754,0)
(30775,0)
(30789,0)
(30911,0)
(30911,0)
(30987,0)
(30999,0)
(31071,0)
(31144,0)
(31169,0)
(31206,0)
(31206,0)
(31275,0)
(31295,0)
(31332,0)
(31376,0)
(31381,0)
(31454,0)
(31501,0)
(31556,0)
(31573,0)
(31580,0)
(31589,0)
(31644,0)
(31688,0)
(31692,0)
(31779,0)
(31810,0)
(31829,0)
(31880,0)
(31910,0)
(31916,0)
(31966,0)
(31986,0)
(32035,0)
(32122,0)
(32130,0)
(32136,0)
(32173,0)
(32247,0)
(32325,0)
(32333,0)
(32348,0)
(32375,0)
(32453,0)
(32453,0)
(32456,0)
(32527,0)
(32540,0)
(32568,0)
(32639,0)
(32740,0)
(32743,0)
(32746,0)
(32790,0)
(32809,0)
(40007,0)
(40059,0)
(40103,0)
(40177,0)
(40205,0)
(40206,0)
(40213,0)
(40227,0)
(40246,0)
(40277,0)
(40292,0)
(40346,0)
(40356,0)
(40385,0)
(40391,0)
(40412,0)
(40463,0)
(40489,0)
(40496,0)
(40526,0)
(40560,0)
(40600,0)
(40655,0)
(40697,0)
(40761,0)
(40762,0)
(40767,0)
(40775,0)
(40780,0)
(40851,0)
(40854,0)
(40877,0)
(40881,0)
(40896,0)
(40916,0)
(40923,0)
(40957,0)
(40975,0)
(41031,0)
(41054,0)
(41055,0)
(41074,0)
(41102,0)
(41156,0)
(41199,0)
(41203,0)
(41216,0)
(41216,0)
(41251,0)
(41257,0)
(41266,0)
(41286,0)
(41311,0)
(41322,0)
(41343,0)
(41345,0)
(41420,0)
(41422,0)
(41432,0)
(41515,0)
(41573,0)
(41602,0)
(41621,0)
(41716,0)
(41719,0)
(41733,0)
(41823,0)
(41843,0)
(41897,0)
(41982,0)
(42055,0)
(42058,0)
(42058,0)
(42091,0)
(42124,0)
(42165,0)
(42184,0)
(42217,0)
(42261,0)
(42268,0)
(42271,0)
(42367,0)
(42397,0)
(42410,0)
(42444,0)
(42455,0)
(42455,0)
(42474,0)
(42482,0)
(42492,0)
(42492,0)
(42509,0)
(42555,0)
(42589,0)
(42604,0)
(42668,0)
(42683,0)
(42709,0)
(42739,0)
(42819,0)
(42903,0)
(42904,0)
(42941,0)
(42971,0)
(43006,0)
(43033,0)
(43052,0)
(43074,0)
(43093,0)
(43099,0)
(43160,0)
(43162,0)
(43183,0)
(43206,0)
(43215,0)
(43322,0)
(43323,0)
(43330,0)
(43359,0)
(43430,0)
(43437,0)
(43447,0)
(43501,0)
(43538,0)
(43540,0)
(43566,0)
(43630,0)
(43640,0)
(43671,0)
(43735,0)
(43737,0)
(43742,0)
(43774,0)
(43798,0)
(43926,0)
(43946,0)
(43970,0)
(43971,0)
(43983,0)
(43991,0)
(44016,0)
(44071,0)
(44073,0)
(44082,0)
(44135,0)
(44146,0)
(44164,0)
(44181,0)
(44190,0)
(44191,0)
(44222,0)
(44225,0)
(44265,0)
(44276,0)
(44310,0)
(44326,0)
(44340,0)
(44346,0)
(44346,0)
(44402,0)
(44430,0)
(44440,0)
(44511,0)
(44553,0)
(44589,0)
(44605,0)
(44622,0)
(44622,0)
(44663,0)
(44717,0)
(44718,0)
(44762,0)
(44799,0)
(44806,0)
(44820,0)
(44827,0)
(44874,0)
(44888,0)
(44917,0)
(44920,0)
(44953,0)
(44955,0)
(44956,0)
(44964,0)
(44971,0)
(44990,0)
(45009,0)
(45011,0)
(45064,0)
(45072,0)
(45112,0)
(45131,0)
(45152,0)
(45169,0)
(45213,0)
(45269,0)
(45292,0)
(45310,0)
(45321,0)
(45321,0)
(45329,0)
(45346,0)
(45359,0)
(45391,0)
(45509,0)
(45566,0)
(45585,0)
(45594,0)
(45598,0)
(45619,0)
(45635,0)
(45650,0)
(45655,0)
(45680,0)
(45684,0)
(45688,0)
(45689,0)
(45723,0)
(45736,0)
(45768,0)
(45774,0)
(45791,0)
(45801,0)
(45805,0)
(45842,0)
(45848,0)
(45849,0)
(45885,0)
(45910,0)
(45914,0)
(46063,0)
(46067,0)
(46114,0)
(46119,0)
(46123,0)
(46129,0)
(46149,0)
(46188,0)
(46228,0)
(46237,0)
(46324,0)
(46355,0)
(46410,0)
(46414,0)
(46471,0)
(46497,0)
(46509,0)
(46510,0)
(46534,0)
(46569,0)
(46642,0)
(46659,0)
(46667,0)
(46740,0)
(46776,0)
(46792,0)
(46809,0)
(46816,0)
(46837,0)
(46849,0)
(46850,0)
(46851,0)
(46854,0)
(46889,0)
(46904,0)
(46904,0)
(46941,0)
(47104,0)
(47146,0)
(47223,0)
(47233,0)
(47242,0)
(47250,0)
(47257,0)
(47277,0)
(47324,0)
(47381,0)
(47407,0)
(47425,0)
(47444,0)
(47448,0)
(47466,0)
(47473,0)
(47492,0)
(47569,0)
(47578,0)
(47632,0)
(47637,0)
(47647,0)
(47654,0)
(47719,0)
(47731,0)
(47731,0)
(47807,0)
(47808,0)
(47858,0)
(47897,0)
(47906,0)
(47937,0)
(47953,0)
(47980,0)
(47989,0)
(48044,0)
(48058,0)
(48100,0)
(48153,0)
(48181,0)
(48204,0)
(48222,0)
(48231,0)
(48232,0)
(48239,0)
(48254,0)
(48281,0)
(48304,0)
(48314,0)
(48327,0)
(48344,0)
(48366,0)
(48368,0)
(48409,0)
(48420,0)
(48453,0)
(48482,0)
(48490,0)
(48504,0)
(48705,0)
(48736,0)
(48779,0)
(48794,0)
(48794,0)
(48812,0)
(48821,0)
(48833,0)
(48837,0)
(48857,0)
(48898,0)
(48915,0)
(48939,0)
(48941,0)
(48951,0)
(48963,0)
(49024,0)
(49028,0)
(49034,0)
(49105,0)
(49229,0)
(49268,0)
(49276,0)
(49323,0)
(49328,0)
(49353,0)
(49375,0)
(49453,0)
(49469,0)
(49534,0)
(49580,0)
(49631,0)
(49634,0)
(49634,0)
(49727,0)
(49751,0)
(49763,0)
(49785,0)
(49791,0)
(49836,0)
(49841,0)
(49858,0)
(49873,0)
(49976,0)
(49984,0)
(50004,0)
(50006,0)
(50010,0)
(50039,0)
(50041,0)
(50049,0)
(50053,0)
(50061,0)
(50079,0)
(50089,0)
(50104,0)
(50113,0)
(50137,0)
(50141,0)
(50148,0)
(50148,0)
(50161,0)
(50191,0)
(50197,0)
(50217,0)
(50259,0)
(50294,0)
(50300,0)
(50305,0)
(50334,0)
(50361,0)
(50415,0)
(50440,0)
(50476,0)
(50498,0)
(50507,0)
(50520,0)
(50532,0)
(50581,0)
(50596,0)
(50623,0)
(50623,0)
(50626,0)
(50627,0)
(50628,0)
(50629,0)
(50649,0)
(50651,0)
(50710,0)
(50722,0)
(50733,0)
(50751,0)
(50760,0)
(50816,0)
(50855,0)
(50860,0)
(50883,0)
(50889,0)
(50895,0)
(50899,0)
(50915,0)
(50923,0)
(50928,0)
(50941,0)
(50957,0)
(50976,0)
(51000,0)
(51039,0)
(51039,0)
(51042,0)
(51064,0)
(51094,0)
(51102,0)
(51108,0)
(51188,0)
(51258,0)
(51297,0)
(51320,0)
(51356,0)
(51364,0)
(51387,0)
(51413,0)
(51424,0)
(51451,0)
(51484,0)
(51485,0)
(51490,0)
(51493,0)
(51505,0)
(51528,0)
(51544,0)
(51545,0)
(51577,0)
(51658,0)
(51675,0)
(51750,0)
(51754,0)
(51790,0)
(51829,0)
(51832,0)
(51859,0)
(51867,0)
(51871,0)
(51874,0)
(51890,0)
(51933,0)
(51936,0)
(51942,0)
(52002,0)
(52008,0)
(52011,0)
(52012,0)
(52057,0)
(52058,0)
(52064,0)
(52065,0)
(52087,0)
(52089,0)
(52094,0)
(52121,0)
(52130,0)
(52180,0)
(52187,0)
(52205,0)
(52219,0)
(52231,0)
(52232,0)
(52238,0)
(52248,0)
(52409,0)
(52412,0)
(52413,0)
(52436,0)
(52482,0)
(52482,0)
(52505,0)
(52515,0)
(52532,0)
(52535,0)
(52568,0)
(52590,0)
(52592,0)
(52604,0)
(52605,0)
(52615,0)
(52620,0)
(52642,0)
(52687,0)
(52697,0)
(52736,0)
(52746,0)
(52807,0)
(52828,0)
(52835,0)
(52857,0)
(52872,0)
(52899,0)
(52910,0)
(52996,0)
(52996,0)
(53087,0)
(53089,0)
(53111,0)
(53150,0)
(53156,0)
(53174,0)
(53203,0)
(53238,0)
(53238,0)
(53244,0)
(53249,0)
(53258,0)
(53290,0)
(53340,0)
(53355,0)
(53417,0)
(53466,0)
(53514,0)
(53577,0)
(53596,0)
(53633,0)
(53636,0)
(53636,0)
(53642,0)
(53669,0)
(53676,0)
(53728,0)
(53766,0)
(53782,0)
(53798,0)
(53860,0)
(53865,0)
(53870,0)
(53871,0)
(53873,0)
(53875,0)
(53897,0)
(53939,0)
(53992,0)
(54031,0)
(54077,0)
(54088,0)
(54130,0)
(54133,0)
(54134,0)
(54147,0)
(54153,0)
(54159,0)
(54188,0)
(54195,0)
(54204,0)
(54221,0)
(54241,0)
(54268,0)
(54270,0)
(54274,0)
(54331,0)
(54332,0)
(54340,0)
(54341,0)
(54364,0)
(54368,0)
(54382,0)
(54408,0)
(54429,0)
(54452,0)
(54465,0)
(54486,0)
(54487,0)
(54489,0)
(54514,0)
(54536,0)
(54584,0)
(54587,0)
(54600,0)
(54613,0)
(54625,0)
(54660,0)
(54683,0)
(54695,0)
(54724,0)
(54729,0)
(54808,0)
(54822,0)
(54826,0)
(54826,0)
(54850,0)
(54861,0)
(54891,0)
(54892,0)
(54929,0)
(54935,0)
(54946,0)
(54979,0)
(54999,0)
(55008,0)
(55015,0)
(55030,0)
(55118,0)
(55121,0)
(55141,0)
(55143,0)
(55150,0)
(55260,0)
(55266,0)
(55308,0)
(55320,0)
(55328,0)
(55333,0)
(55334,0)
(55357,0)
(55365,0)
(55473,0)
(55559,0)
(55611,0)
(55638,0)
(55643,0)
(55678,0)
(55712,0)
(55753,0)
(55753,0)
(55772,0)
(55783,0)
(55793,0)
(55849,0)
(55873,0)
(55904,0)
(55909,0)
(55912,0)
(55934,0)
(55962,0)
(55966,0)
(56060,0)
(56089,0)
(56098,0)
(56120,0)
(56128,0)
(56155,0)
(56175,0)
(56201,0)
(56266,0)
(56287,0)
(56316,0)
(56319,0)
(56322,0)
(56332,0)
(56333,0)
(56372,0)
(56375,0)
(56429,0)
(56440,0)
(56450,0)
(56460,0)
(56468,0)
(56507,0)
(56529,0)
(56562,0)
(56611,0)
(56668,0)
(56707,0)
(56746,0)
(56816,0)
(56848,0)
(56849,0)
(56865,0)
(56878,0)
(56892,0)
(56898,0)
(56900,0)
(56965,0)
(57042,0)
(57066,0)
(57114,0)
(57143,0)
(57183,0)
(57207,0)
(57215,0)
(57264,0)
(57288,0)
(57300,0)
(57344,0)
(57398,0)
(57445,0)
(57467,0)
(57470,0)
(57491,0)
(57511,0)
(57528,0)
(57558,0)
(57599,0)
(57614,0)
(57645,0)
(57654,0)
(57669,0)
(57679,0)
(57715,0)
(57731,0)
(57739,0)
(57745,0)
(57765,0)
(57770,0)
(57775,0)
(57788,0)
(57805,0)
(57817,0)
(57848,0)
(57853,0)
(57865,0)
(57869,0)
(57877,0)
(57882,0)
(57899,0)
(57907,0)
(57934,0)
(57987,0)
(57989,0)
(57990,0)
(57993,0)
(58005,0)
(58022,0)
(58027,0)
(58033,0)
(58046,0)
(58049,0)
(58121,0)
(58156,0)
(58163,0)
(58184,0)
(58199,0)
(58203,0)
(58247,0)
(58249,0)
(58271,0)
(58377,0)
(58377,0)
(58416,0)
(58449,0)
(58451,0)
(58484,0)
(58500,0)
(58510,0)
(58514,0)
(58570,0)
(58593,0)
(58679,0)
(58689,0)
(58706,0)
(58736,0)
(58758,0)
(58771,0)
(58773,0)
(58782,0)
(58793,0)
(58810,0)
(58845,0)
(58851,0)
(58868,0)
(58889,0)
(58947,0)
(58955,0)
(58993,0)
(59009,0)
(59016,0)
(59073,0)
(59120,0)
(59135,0)
(59152,0)
(59158,0)
(59198,0)
(59198,0)
(59215,0)
(59224,0)
(59231,0)
(59291,0)
(59311,0)
(59318,0)
(59364,0)
(59374,0)
(59381,0)
(59385,0)
(59392,0)
(59411,0)
(59489,0)
(59495,0)
(59496,0)
(59513,0)
(59547,0)
(59551,0)
(59630,0)
(59700,0)
(59703,0)
(59707,0)
(59716,0)
(59783,0)
(59785,0)
(59801,0)
(59807,0)
(59825,0)
(59831,0)
(59848,0)
(59848,0)
(59854,0)
(59864,0)
(59875,0)
(59886,0)
(59959,0)
(59964,0)
(60025,0)
(60030,0)
(60048,0)
(60050,0)
(60079,0)
(60118,0)
(60164,0)
(60169,0)
(60179,0)
(60181,0)
(60204,0)
(60236,0)
(60316,0)
(60337,0)
(60341,0)
(60343,0)
(60419,0)
(60431,0)
(60453,0)
(60500,0)
(60505,0)
(60593,0)
(60595,0)
(60600,0)
(60702,0)
(60736,0)
(60738,0)
(60778,0)
(60788,0)
(60790,0)
(60826,0)
(60843,0)
(60851,0)
(60865,0)
(60881,0)
(60919,0)
(60936,0)
(60949,0)
(60988,0)
(61021,0)
(61034,0)
(61123,0)
(61149,0)
(61163,0)
(61163,0)
(61179,0)
(61187,0)
(61223,0)
(61304,0)
(61355,0)
(61360,0)
(61393,0)
(61417,0)
(61427,0)
(61458,0)
(61462,0)
(61516,0)
(61591,0)
(61606,0)
(61619,0)
(61624,0)
(61636,0)
(61652,0)
(61656,0)
(61691,0)
(61711,0)
(61723,0)
(61749,0)
(61823,0)
(61833,0)
(61855,0)
(61886,0)
(61926,0)
(61932,0)
(61940,0)
(61943,0)
(61956,0)
(61984,0)
(62018,0)
(62024,0)
(62047,0)
(62114,0)
(62181,0)
(62199,0)
(62210,0)
(62344,0)
(62383,0)
(62387,0)
(62389,0)
(62412,0)
(62447,0)
(62464,0)
(62479,0)
(62497,0)
(62512,0)
(62527,0)
(62530,0)
(62536,0)
(62538,0)
(62547,0)
(62575,0)
(62586,0)
(62603,0)
(62603,0)
(62639,0)
(62653,0)
(62654,0)
(62672,0)
(62674,0)
(62684,0)
(62689,0)
(62693,0)
(62715,0)
(62730,0)
(62731,0)
(62736,0)
(62745,0)
(62764,0)
(62829,0)
(62854,0)
(62863,0)
(62914,0)
(62919,0)
(62925,0)
(62930,0)
(62994,0)
(63000,0)
(63000,0)
(63017,0)
(63024,0)
(63048,0)
(63058,0)
(63058,0)
(63059,0)
(63066,0)
(63073,0)
(63074,0)
(63098,0)
(63098,0)
(63102,0)
(63108,0)
(63109,0)
(63130,0)
(63213,0)
(63234,0)
(63298,0)
(63390,0)
(63415,0)
(63418,0)
(63442,0)
(63444,0)
(63453,0)
(63467,0)
(63519,0)
(63519,0)
(63536,0)
(63544,0)
(63552,0)
(63567,0)
(63571,0)
(63601,0)
(63607,0)
(63621,0)
(63628,0)
(63637,0)
(63646,0)
(63652,0)
(63713,0)
(63723,0)
(63756,0)
(63757,0)
(63781,0)
(63792,0)
(63841,0)
(63922,0)
(63931,0)
(63952,0)
(63961,0)
(63966,0)
(63967,0)
(64043,0)
(64057,0)
(64089,0)
(64115,0)
(64119,0)
(64160,0)
(64168,0)
(64194,0)
(64208,0)
(64216,0)
(64230,0)
(64238,0)
(64253,0)
(64260,0)
(64295,0)
(64297,0)
(64311,0)
(64334,0)
(64352,0)
(64361,0)
(64406,0)
(64416,0)
(64450,0)
(64461,0)
(64472,0)
(64491,0)
(64505,0)
(64557,0)
(64645,0)
(64656,0)
(64677,0)
(64687,0)
(64714,0)
(64759,0)
(64772,0)
(64839,0)
(64873,0)
(64908,0)
(64923,0)
(64964,0)
(64967,0)
(64988,0)
(64992,0)
(64995,0)
(65004,0)
(65007,0)
(65025,0)
(65089,0)
(65149,0)
(65152,0)
(65161,0)
(65178,0)
(65261,0)
(65284,0)
(65309,0)
(65309,0)
(65326,0)
(65341,0)
(65364,0)
(65370,0)
(65393,0)
(65399,0)
(65427,0)
(65431,0)
(65441,0)
(65444,0)
(65463,0)
(65467,0)
(65481,0)
(65502,0)
(65504,0)
(65535,0)
(65570,0)
(65594,0)
(65594,0)
(65665,0)
(65666,0)
(65669,0)
(65711,0)
(65760,0)
(65773,0)
(65815,0)
(65824,0)
(65855,0)
(65906,0)
(65949,0)
(65954,0)
(65966,0)
(65981,0)
(65982,0)
(65994,0)
(66001,0)
(66016,0)
(66033,0)
(66083,0)
(66093,0)
(66123,0)
(66143,0)
(66151,0)
(66165,0)
(66174,0)
(66213,0)
(66221,0)
(66256,0)
(66264,0)
(66322,0)
(66339,0)
(66389,0)
(66399,0)
(66411,0)
(66424,0)
(66483,0)
(66488,0)
(66505,0)
(66526,0)
(66549,0)
(66614,0)
(66664,0)
(66674,0)
(66682,0)
(66718,0)
(66723,0)
(66761,0)
(66761,0)
(66772,0)
(66775,0)
(66804,0)
(66823,0)
(66824,0)
(66827,0)
(66850,0)
(66898,0)
(66955,0)
(66983,0)
(67037,0)
(67061,0)
(67072,0)
(67085,0)
(67087,0)
(67112,0)
(67112,0)
(67164,0)
(67175,0)
(67248,0)
(67265,0)
(67284,0)
(67347,0)
(67365,0)
(67384,0)
(67397,0)
(67413,0)
(67442,0)
(67449,0)
(67460,0)
(67511,0)
(67520,0)
(67533,0)
(67538,0)
(67543,0)
(67556,0)
(67625,0)
(67635,0)
(67653,0)
(67673,0)
(67675,0)
(67683,0)
(67717,0)
(67722,0)
(67758,0)
(67760,0)
(67774,0)
(67812,0)
(67813,0)
(67856,0)
(67862,0)
(67910,0)
(67920,0)
(67931,0)
(67934,0)
(67956,0)
(67967,0)
(68001,0)
(68010,0)
(68036,0)
(68065,0)
(68068,0)
(68094,0)
(68095,0)
(68103,0)
(68123,0)
(68176,0)
(68234,0)
(68242,0)
(68245,0)
(68301,0)
(68352,0)
(68401,0)
(68429,0)
(68437,0)
(68490,0)
(68513,0)
(68530,0)
(68546,0)
(68573,0)
(68591,0)
(68621,0)
(68647,0)
(68664,0)
(68673,0)
(68696,0)
(68702,0)
(68738,0)
(68764,0)
(68789,0)
(68797,0)
(68836,0)
(68849,0)
(68861,0)
(68878,0)
(68926,0)
(68937,0)
(68964,0)
(69011,0)
(69011,0)
(69024,0)
(69159,0)
(69162,0)
(69172,0)
(69206,0)
(69208,0)
(69215,0)
(69264,0)
(69268,0)
(69281,0)
(69328,0)
(69370,0)
(69375,0)
(69435,0)
(69442,0)
(69465,0)
(69501,0)
(69512,0)
(69578,0)
(69596,0)
(69611,0)
(69639,0)
(69654,0)
(69655,0)
(69675,0)
(69676,0)
(69678,0)
(69681,0)
(69685,0)
(69694,0)
(69713,0)
(69727,0)
(69789,0)
(69805,0)
(69819,0)
(69895,0)
(69898,0)
(69905,0)
(69981,0)
(70004,0)
(70077,0)
(70080,0)
(70084,0)
(70104,0)
(70115,0)
(70119,0)
(70123,0)
(70164,0)
(70169,0)
(70180,0)
(70180,0)
(70182,0)
(70212,0)
(70226,0)
(70232,0)
(70301,0)
(70313,0)
(70359,0)
(70378,0)
(70382,0)
(70396,0)
(70417,0)
(70451,0)
(70469,0)
(70514,0)
(70517,0)
(70520,0)
(70534,0)
(70547,0)
(70570,0)
(70605,0)
(70645,0)
(70652,0)
(70655,0)
(70664,0)
(70694,0)
(70722,0)
(70728,0)
(70745,0)
(70776,0)
(70776,0)
(70794,0)
(70807,0)
(70832,0)
(70845,0)
(70851,0)
(70858,0)
(70871,0)
(70906,0)
(70922,0)
(70963,0)
(70971,0)
(71006,0)
(71020,0)
(71054,0)
(71091,0)
(71103,0)
(71106,0)
(71130,0)
(71145,0)
(71146,0)
(71184,0)
(71194,0)
(71200,0)
(71215,0)
(71230,0)
(71274,0)
(71405,0)
(71459,0)
(71461,0)
(71483,0)
(71493,0)
(71500,0)
(71545,0)
(71582,0)
(71596,0)
(71614,0)
(71647,0)
(71652,0)
(71676,0)
(71704,0)
(71716,0)
(71760,0)
(71789,0)
(71792,0)
(71800,0)
(71857,0)
(71869,0)
(71871,0)
(71921,0)
(71923,0)
(71945,0)
(71957,0)
(71963,0)
(72000,0)
(72000,0)
(72016,0)
(72073,0)
(72083,0)
(72095,0)
(72146,0)
(72197,0)
(72203,0)
(72207,0)
(72209,0)
(72211,0)
(72234,0)
(72248,0)
(72281,0)
(72308,0)
(72335,0)
(72350,0)
(72351,0)
(72377,0)
(72424,0)
(72530,0)
(72536,0)
(72562,0)
(72571,0)
(72582,0)
(72592,0)
(72623,0)
(72633,0)
(72634,0)
(72658,0)
(72667,0)
(72671,0)
(72688,0)
(72753,0)
(72753,0)
(72763,0)
(72785,0)
(72790,0)
(72827,0)
(72844,0)
(72889,0)
(72943,0)
(73040,0)
(73087,0)
(73125,0)
(73175,0)
(73186,0)
(73186,0)
(73231,0)
(73289,0)
(73312,0)
(73339,0)
(73370,0)
(73371,0)
(73384,0)
(73398,0)
(73423,0)
(73444,0)
(73460,0)
(73465,0)
(73497,0)
(73526,0)
(73539,0)
(73546,0)
(73583,0)
(73608,0)
(73645,0)
(73648,0)
(73807,0)
(73811,0)
(73863,0)
(73877,0)
(73887,0)
(73894,0)
(73894,0)
(73913,0)
(73961,0)
(73967,0)
(73971,0)
(74005,0)
(74016,0)
(74022,0)
(74059,0)
(74147,0)
(74164,0)
(74232,0)
(74282,0)
(74319,0)
(74332,0)
(74345,0)
(74354,0)
(74394,0)
(74419,0)
(74426,0)
(74445,0)
(74448,0)
(74459,0)
(74486,0)
(74493,0)
(74514,0)
(74525,0)
(74585,0)
(74618,0)
(74627,0)
(74632,0)
(74693,0)
(74709,0)
(74711,0)
(74722,0)
(74793,0)
(74798,0)
(74856,0)
(74869,0)
(74907,0)
(74955,0)
(74964,0)
(75046,0)
(75051,0)
(75155,0)
(75155,0)
(75159,0)
(75188,0)
(75201,0)
(75248,0)
(75257,0)
(75285,0)
(75315,0)
(75326,0)
(75354,0)
(75371,0)
(75470,0)
(75493,0)
(75493,0)
(75496,0)
(75525,0)
(75526,0)
(75534,0)
(75575,0)
(75584,0)
(75653,0)
(75655,0)
(75658,0)
(75658,0)
(75718,0)
(75764,0)
(75779,0)
(75782,0)
(75808,0)
(75828,0)
(75829,0)
(75864,0)
(75883,0)
(75883,0)
(75886,0)
(75929,0)
(75938,0)
(76001,0)
(76005,0)
(76007,0)
(76009,0)
(76010,0)
(76011,0)
(76030,0)
(76116,0)
(76126,0)
(76135,0)
(76173,0)
(76174,0)
(76180,0)
(76196,0)
(76200,0)
(76231,0)
(76257,0)
(76261,0)
(76261,0)
(76265,0)
(76332,0)
(76332,0)
(76338,0)
(76392,0)
(76421,0)
(76432,0)
(76435,0)
(76446,0)
(76446,0)
(76529,0)
(76542,0)
(76558,0)
(76578,0)
(76580,0)
(76603,0)
(76670,0)
(76674,0)
(76676,0)
(76682,0)
(76683,0)
(76715,0)
(76741,0)
(76782,0)
(76801,0)
(76861,0)
(76899,0)
(76915,0)
(76921,0)
(76925,0)
(77018,0)
(77034,0)
(77128,0)
(77148,0)
(77148,0)
(77188,0)
(77241,0)
(77265,0)
(77330,0)
(77382,0)
(77434,0)
(77436,0)
(77450,0)
(77451,0)
(77452,0)
(77478,0)
(77524,0)
(77527,0)
(77543,0)
(77561,0)
(77586,0)
(77595,0)
(77600,0)
(77735,0)
(77805,0)
(77807,0)
(77850,0)
(77852,0)
(77911,0)
(77912,0)
(77930,0)
(77980,0)
(77980,0)
(78020,0)
(78038,0)
(78077,0)
(78117,0)
(78143,0)
(78152,0)
(78215,0)
(78230,0)
(78231,0)
(78238,0)
(78293,0)
(78308,0)
(78325,0)
(78337,0)
(78346,0)
(78346,0)
(78356,0)
(78373,0)
(78454,0)
(78489,0)
(78662,0)
(78716,0)
(78716,0)
(78759,0)
(78911,0)
(78939,0)
(78946,0)
(78959,0)
(79001,0)
(79002,0)
(79008,0)
(79016,0)
(79038,0)
(79078,0)
(79090,0)
(79137,0)
(79222,0)
(79275,0)
(79330,0)
(79349,0)
(79358,0)
(79373,0)
(79390,0)
(79407,0)
(79413,0)
(79441,0)
(79450,0)
(79477,0)
(79532,0)
(79557,0)
(79572,0)
(79585,0)
(79602,0)
(79626,0)
(79636,0)
(79655,0)
(79660,0)
(79678,0)
(79719,0)
(79735,0)
(79799,0)
(79836,0)
(79862,0)
(79922,0)
(79923,0)
(79998,0)
(80029,0)
(80111,0)
(80117,0)
(80120,0)
(80121,0)
(80152,0)
(80160,0)
(80174,0)
(80179,0)
(80187,0)
(80237,0)
(80260,0)
(80260,0)
(80262,0)
(80274,0)
(80298,0)
(80308,0)
(80375,0)
(80383,0)
(80404,0)
(80429,0)
(80439,0)
(80473,0)
(80492,0)
(80519,0)
(80625,0)
(80670,0)
(80710,0)
(80722,0)
(80790,0)
(80799,0)
(80856,0)
(80956,0)
(80977,0)
(80982,0)
(80982,0)
(80989,0)
(80993,0)
(81004,0)
(81020,0)
(81025,0)
(81025,0)
(81058,0)
(81083,0)
(81099,0)
(81122,0)
(81141,0)
(81209,0)
(81274,0)
(81280,0)
(81283,0)
(81308,0)
(81342,0)
(81362,0)
(81408,0)
(81410,0)
(81413,0)
(81416,0)
(81429,0)
(81432,0)
(81438,0)
(81441,0)
(81449,0)
(81464,0)
(81529,0)
(81543,0)
(81543,0)
(81543,0)
(81545,0)
(81561,0)
(81642,0)
(81651,0)
(81662,0)
(81662,0)
(81701,0)
(81703,0)
(81721,0)
(81729,0)
(81758,0)
(81778,0)
(81783,0)
(81793,0)
(81807,0)
(81807,0)
(81810,0)
(81827,0)
(81865,0)
(81876,0)
(81881,0)
(81883,0)
(81886,0)
(81888,0)
(81927,0)
(81946,0)
(81975,0)
(81978,0)
(81980,0)
(82006,0)
(82038,0)
(82038,0)
(82041,0)
(82048,0)
(82055,0)
(82075,0)
(82133,0)
(82147,0)
(82188,0)
(82205,0)
(82207,0)
(82231,0)
(82238,0)
(82244,0)
(82296,0)
(82360,0)
(82377,0)
(82393,0)
(82393,0)
(82405,0)
(82411,0)
(82416,0)
(82462,0)
(82482,0)
(82494,0)
(82518,0)
(82520,0)
(82534,0)
(82556,0)
(82574,0)
(82585,0)
(82594,0)
(82625,0)
(82629,0)
(82638,0)
(82662,0)
(82669,0)
(82864,0)
(82868,0)
(83004,0)
(83022,0)
(83046,0)
(83088,0)
(83095,0)
(83128,0)
(83132,0)
(83169,0)
(83180,0)
(83184,0)
(83202,0)
(83225,0)
(83228,0)
(83317,0)
(83343,0)
(83347,0)
(83358,0)
(83361,0)
(83372,0)
(83401,0)
(83442,0)
(83514,0)
(83545,0)
(83547,0)
(83550,0)
(83565,0)
(83570,0)
(83596,0)
(83653,0)
(83681,0)
(83700,0)
(83714,0)
(83768,0)
(83773,0)
(83799,0)
(83802,0)
(83824,0)
(83865,0)
(83920,0)
(83957,0)
(83962,0)
(83964,0)
(83967,0)
(83996,0)
(84011,0)
(84052,0)
(84116,0)
(84128,0)
(84160,0)
(84208,0)
(84236,0)
(84251,0)
(84306,0)
(84307,0)
(84310,0)
(84310,0)
(84310,0)
(84362,0)
(84418,0)
(84421,0)
(84435,0)
(84469,0)
(84478,0)
(84555,0)
(84595,0)
(84601,0)
(84627,0)
(84632,0)
(84638,0)
(84649,0)
(84685,0)
(84687,0)
(84747,0)
(84748,0)
(84764,0)
(84775,0)
(84817,0)
(84826,0)
(84884,0)
(84886,0)
(84890,0)
(84904,0)
(84941,0)
(84966,0)
(84970,0)
(85033,0)
(85055,0)
(85062,0)
(85134,0)
(85195,0)
(85197,0)
(85233,0)
(85235,0)
(85235,0)
(85248,0)
(85258,0)
(85258,0)
(85281,0)
(85310,0)
(85350,0)
(85363,0)
(85370,0)
(85373,0)
(85375,0)
(85397,0)
(85417,0)
(85417,0)
(85441,0)
(85489,0)
(85504,0)
(85508,0)
(85607,0)
(85615,0)
(85638,0)
(85658,0)
(85840,0)
(85840,0)
(85844,0)
(85898,0)
(85899,0)
(85923,0)
(85938,0)
(85953,0)
(86026,0)
(86068,0)
(86078,0)
(86108,0)
(86143,0)
(86148,0)
(86209,0)
(86209,0)
(86224,0)
(86294,0)
(86318,0)
(86320,0)
(86355,0)
(86377,0)
(86392,0)
(86393,0)
(86436,0)
(86555,0)
(86561,0)
(86585,0)
(86611,0)
(86616,0)
(86663,0)
(86684,0)
(86684,0)
(86709,0)
(86723,0)
(86727,0)
(86805,0)
(86805,0)
(86810,0)
(86821,0)
(86846,0)
(86848,0)
(86866,0)
(86878,0)
(86880,0)
(86880,0)
(87024,0)
(87121,0)
(87125,0)
(87185,0)
(87213,0)
(87263,0)
(87272,0)
(87361,0)
(87416,0)
(87428,0)
(87450,0)
(87461,0)
(87470,0)
(87474,0)
(87522,0)
(87533,0)
(87537,0)
(87549,0)
(87577,0)
(87616,0)
(87657,0)
(87728,0)
(87747,0)
(87754,0)
(87758,0)
(87769,0)
(87789,0)
(87809,0)
(87821,0)
(87846,0)
(87847,0)
(87926,0)
(87926,0)
(87942,0)
(87955,0)
(88013,0)
(88025,0)
(88078,0)
(88124,0)
(88140,0)
(88152,0)
(88154,0)
(88163,0)
(88202,0)
(88204,0)
(88236,0)
(88265,0)
(88286,0)
(88291,0)
(88331,0)
(88350,0)
(88395,0)
(88404,0)
(88433,0)
(88434,0)
(88452,0)
(88476,0)
(88494,0)
(88514,0)
(88533,0)
(88540,0)
(88558,0)
(88588,0)
(88634,0)
(88636,0)
(88647,0)
(88660,0)
(88691,0)
(88711,0)
(88734,0)
(88765,0)
(88774,0)
(88778,0)
(88782,0)
(88817,0)
(88825,0)
(88924,0)
(88937,0)
(88941,0)
(88970,0)
(88976,0)
(88985,0)
(89055,0)
(89062,0)
(89079,0)
(89085,0)
(89092,0)
(89095,0)
(89107,0)
(89112,0)
(89158,0)
(89160,0)
(89171,0)
(89228,0)
(89277,0)
(89303,0)
(89324,0)
(89325,0)
(89336,0)
(89347,0)
(89379,0)
(89387,0)
(89402,0)
(89487,0)
(89493,0)
(89493,0)
(89503,0)
(89546,0)
(89616,0)
(89672,0)
(89673,0)
(89708,0)
(89760,0)
(89766,0)
(89768,0)
(89769,0)
(89775,0)
(89775,0)
(89895,0)
(89906,0)
(89950,0)
(89978,0)
(90028,0)
(90032,0)
(90046,0)
(90103,0)
(90106,0)
(90150,0)
(90151,0)
(90171,0)
(90176,0)
(90195,0)
(90233,0)
(90270,0)
(90289,0)
(90296,0)
(90296,0)
(90310,0)
(90317,0)
(90330,0)
(90335,0)
(90354,0)
(90362,0)
(90365,0)
(90391,0)
(90392,0)
(90393,0)
(90396,0)
(90398,0)
(90403,0)
(90403,0)
(90418,0)
(90427,0)
(90451,0)
(90484,0)
(90488,0)
(90490,0)
(90508,0)
(90522,0)
(90533,0)
(90533,0)
(90539,0)
(90549,0)
(90560,0)
(90669,0)
(90672,0)
(90676,0)
(90688,0)
(90699,0)
(90699,0)
(90756,0)
(90798,0)
(90848,0)
(90873,0)
(90891,0)
(90902,0)
(90903,0)
(90904,0)
(90909,0)
(90926,0)
(90969,0)
(90990,0)
(90992,0)
(91017,0)
(91047,0)
(91053,0)
(91079,0)
(91101,0)
(91103,0)
(91149,0)
(91181,0)
(91217,0)
(91263,0)
(91324,0)
(91331,0)
(91333,0)
(91333,0)
(91336,0)
(91351,0)
(91351,0)
(91419,0)
(91437,0)
(91458,0)
(91484,0)
(91498,0)
(91557,0)
(91563,0)
(91613,0)
(91744,0)
(91832,0)
(91883,0)
(91904,0)
(91926,0)
(91929,0)
(91939,0)
(91951,0)
(91975,0)
(91992,0)
(91995,0)
(91996,0)
(92007,0)
(92025,0)
(92066,0)
(92094,0)
(92107,0)
(92201,0)
(92227,0)
(92235,0)
(92247,0)
(92252,0)
(92277,0)
(92287,0)
(92353,0)
(92379,0)
(92405,0)
(92446,0)
(92454,0)
(92473,0)
(92475,0)
(92518,0)
(92579,0)
(92585,0)
(92588,0)
(92629,0)
(92640,0)
(92642,0)
(92645,0)
(92650,0)
(92691,0)
(92695,0)
(92704,0)
(92725,0)
(92752,0)
(92787,0)
(92861,0)
(92913,0)
(92919,0)
(92934,0)
(92967,0)
(92985,0)
(92989,0)
(93002,0)
(93039,0)
(93052,0)
(93114,0)
(93117,0)
(93123,0)
(93162,0)
(93187,0)
(93187,0)
(93203,0)
(93203,0)
(93206,0)
(93209,0)
(93245,0)
(93265,0)
(93280,0)
(93284,0)
(93301,0)
(93378,0)
(93391,0)
(93408,0)
(93432,0)
(93454,0)
(93459,0)
(93462,0)
(93464,0)
(93468,0)
(93475,0)
(93479,0)
(93500,0)
(93521,0)
(93623,0)
(93632,0)
(93637,0)
(93638,0)
(93667,0)
(93679,0)
(93679,0)
(93722,0)
(93806,0)
(93853,0)
(93898,0)
(93898,0)
(93970,0)
(93983,0)
(94049,0)
(94113,0)
(94117,0)
(94126,0)
(94150,0)
(94167,0)
(94189,0)
(94192,0)
(94195,0)
(94216,0)
(94223,0)
(94224,0)
(94229,0)
(94241,0)
(94292,0)
(94297,0)
(94329,0)
(94351,0)
(94407,0)
(94422,0)
(94430,0)
(94448,0)
(94470,0)
(94483,0)
(94525,0)
(94525,0)
(94575,0)
(94603,0)
(94636,0)
(94665,0)
(94677,0)
(94719,0)
(94726,0)
(94733,0)
(94737,0)
(94768,0)
(94817,0)
(94863,0)
(94869,0)
(94874,0)
(94896,0)
(94903,0)
(94911,0)
(94933,0)
(94950,0)
(94979,0)
(95000,0)
(95000,0)
(95013,0)
(95030,0)
(95076,0)
(95084,0)
(95105,0)
(95111,0)
(95122,0)
(95182,0)
(95239,0)
(95273,0)
(95321,0)
(95367,0)
(95377,0)
(95384,0)
(95384,0)
(95410,0)
(95413,0)
(95423,0)
(95424,0)
(95425,0)
(95426,0)
(95441,0)
(95453,0)
(95460,0)
(95530,0)
(95540,0)
(95555,0)
(95564,0)
(95614,0)
(95632,0)
(95639,0)
(95659,0)
(95676,0)
(95676,0)
(95694,0)
(95811,0)
(95839,0)
(95946,0)
(95951,0)
(95988,0)
(95991,0)
(96006,0)
(96025,0)
(96025,0)
(96040,0)
(96049,0)
(96120,0)
(96148,0)
(96169,0)
(96187,0)
(96279,0)
(96305,0)
(96331,0)
(96361,0)
(96364,0)
(96373,0)
(96410,0)
(96430,0)
(96442,0)
(96458,0)
(96477,0)
(96500,0)
(96520,0)
(96546,0)
(96574,0)
(96638,0)
(96676,0)
(96704,0)
(96705,0)
(96709,0)
(96732,0)
(96734,0)
(96737,0)
(96740,0)
(96741,0)
(96767,0)
(96793,0)
(96825,0)
(96833,0)
(96842,0)
(96877,0)
(96879,0)
(96892,0)
(96922,0)
(96928,0)
(96928,0)
(96947,0)
(96950,0)
(96950,0)
(96959,0)
(96962,0)
(96975,0)
(97008,0)
(97023,0)
(97065,0)
(97069,0)
(97070,0)
(97091,0)
(97121,0)
(97128,0)
(97156,0)
(97212,0)
(97239,0)
(97327,0)
(97339,0)
(97399,0)
(97422,0)
(97441,0)
(97441,0)
(97441,0)
(97441,0)
(97443,0)
(97467,0)
(97545,0)
(97552,0)
(97589,0)
(97609,0)
(97664,0)
(97666,0)
(97670,0)
(97680,0)
(97738,0)
(97750,0)
(97799,0)
(97830,0)
(97830,0)
(97833,0)
(97837,0)
(97843,0)
(97846,0)
(97848,0)
(97850,0)
(97877,0)
(97885,0)
(97893,0)
(97919,0)
(97920,0)
(97923,0)
(97959,0)
(97971,0)
(97984,0)
(98015,0)
(98089,0)
(98103,0)
(98159,0)
(98174,0)
(98194,0)
(98198,0)
(98228,0)
(98229,0)
(98266,0)
(98268,0)
(98279,0)
(98347,0)
(98358,0)
(98389,0)
(98402,0)
(98416,0)
(98517,0)
(98517,0)
(98526,0)
(98562,0)
(98582,0)
(98584,0)
(98601,0)
(98623,0)
(98640,0)
(98643,0)
(98673,0)
(98697,0)
(98746,0)
(98758,0)
(98769,0)
(98800,0)
(98833,0)
(98887,0)
(98931,0)
(98941,0)
(98991,0)
(98995,0)
(99005,0)
(99011,0)
(99017,0)
(99020,0)
(99038,0)
(99063,0)
(99100,0)
(99102,0)
(99118,0)
(99122,0)
(99138,0)
(99141,0)
(99165,0)
(99166,0)
(99166,0)
(99183,0)
(99213,0)
(99218,0)
(99247,0)
(99255,0)
(99268,0)
(99268,0)
(99282,0)
(99286,0)
(99287,0)
(99337,0)
(99339,0)
(99346,0)
(99358,0)
(99376,0)
(99389,0)
(99424,0)
(99464,0)
(99499,0)
(99510,0)
(99521,0)
(99539,0)
(99556,0)
(99562,0)
(99573,0)
(99616,0)
(99657,0)
(99712,0)
(99752,0)
(99768,0)
(99790,0)
(99817,0)
(99832,0)
(99862,0)
(99870,0)
(99966,0)
