(29929,1)
(69380,1)
(57427,1)
(68297,1)
(75664,1)
(48536,1)
(45647,1)
(98006,1)
(74211,1)
(54904,1)
(69587,1)
(69776,1)
(46800,1)
(51222,1)
(78481,1)
(93557,1)
(70048,1)
(42811,1)
(80287,1)
(98118,1)
(67480,1)
(15301,1)
(15644,1)
(80983,1)
(64101,1)
(31361,1)
(29972,1)
(76880,1)
(4641,1)
(94661,1)
(53279,1)
(62975,1)
(46858,1)
(91525,1)
(58586,1)
(65374,1)
(44036,1)
(76315,1)
(83182,1)
(98647,1)
(8209,1)
(69225,1)
(66517,1)
(70623,1)
(55543,1)
(80825,1)
(82150,1)
(83154,1)
(7482,1)
(81577,1)
(83389,1)
(83749,1)
(91532,1)
(56996,1)
(64124,1)
(95952,1)
(77729,1)
(67060,1)
(22545,1)
(70148,1)
(99096,1)
(67471,1)
(54174,1)
(83120,1)
(45393,1)
(94452,1)
(99715,1)
(81958,1)
(50391,1)
(70957,1)
(46548,1)
(16738,1)
(16976,1)
(43118,1)
(44546,1)
(47789,1)
(59883,1)
(11638,1)
(48220,1)
(55871,1)
(23568,1)
(66785,1)
(42715,1)
(72107,1)
(85895,1)
(76698,1)
(70191,1)
(71599,1)
(40689,1)
(85071,1)
(902,1)
(60139,1)
(24285,1)
(42364,1)
(75775,1)
(71577,1)
(65190,1)
(77041,1)
(69021,1)
(10581,1)
(87336,1)
(74010,1)
(59347,1)
(42820,1)
(43856,1)
(92764,1)
(91814,1)
(91067,1)
(76930,1)
(98420,1)
(48882,1)
(96643,1)
(64192,1)
(75640,1)
(19827,1)
(47786,1)
(62143,1)
(63263,1)
(40708,1)
(44829,1)
(42842,1)
(95373,1)
(83793,1)
(79671,1)
(49641,1)
(84881,1)
(53534,1)
(73008,1)
(91043,1)
(88503,1)
(61783,1)
(9061,1)
(91790,1)
(93541,1)
(26724,1)
(14768,1)
(49019,1)
(94472,1)
(85870,1)
(48038,1)
(79177,1)
(72067,1)
(66200,1)
(63481,1)
(41634,1)
(27574,1)
(31290,1)
(97437,1)
(57050,1)
(10694,1)
(55046,1)
(59765,1)
(19412,1)
(77924,1)
(82202,1)
(91158,1)
(98400,1)
(32436,1)
(96666,1)
(64314,1)
(85131,1)
(55104,1)
(30298,1)
(75335,1)
(47101,1)
(70259,1)
(41350,1)
(78251,1)
(86145,1)
(46205,1)
(20856,1)
(53321,1)
(58356,1)
(64341,1)
(92316,1)
(81114,1)
(25105,1)
(61527,1)
(50772,1)
(87675,1)
(55703,1)
(23503,1)
(65342,1)
(44206,1)
(96913,1)
(98555,1)
(82309,1)
(96791,1)
(46092,1)
(55935,1)
(48872,1)
(68255,1)
(41125,1)
(54736,1)
(49613,1)
(46752,1)
(66002,1)
(80645,1)
(91313,1)
(45277,1)
(67803,1)
(97937,1)
(80927,1)
(82598,1)
(28814,1)
(93336,1)
(87869,1)
(90690,1)
(66604,1)
(69020,1)
(51596,1)
(59976,1)
(29041,1)
(74716,1)
(82649,1)
(32326,1)
(77957,1)
(11236,1)
(91568,1)
(67639,1)
(52846,1)
(16373,1)
(30303,1)
(52919,1)
(88844,1)
(99776,1)
(95889,1)
(62204,1)
(98744,1)
(13702,1)
(99561,1)
(76186,1)
(64082,1)
(42870,1)
(81475,1)
(18673,1)
(97598,1)
(75561,1)
(54794,1)
(96100,1)
(89064,1)
(42830,1)
(55920,1)
(90540,1)
(17539,1)
(60518,1)
(12233,1)
(82853,1)
(75100,1)
(72520,1)
(67245,1)
(24785,1)
(31260,1)
(47483,1)
(95387,1)
(70462,1)
(29570,1)
(41976,1)
(46415,1)
(30207,1)
(27365,1)
(50643,1)
(78532,1)
(22849,1)
(50409,1)
(59373,1)
(91558,1)
(99865,1)
(45347,1)
(94056,1)
(21580,1)
(77480,1)
(8668,1)
(65650,1)
(86711,1)
(83255,1)
(71645,1)
(76125,1)
(45319,1)
(58662,1)
(83691,1)
(94597,1)
(77471,1)
(26398,1)
(93387,1)
(80757,1)
(93113,1)
(54325,1)
(64925,1)
(92916,1)
(46423,1)
(44894,1)
(74562,1)
(20312,1)
(99080,1)
(50302,1)
(42194,1)
(42606,1)
(50487,1)
(92158,1)
(75856,1)
(83976,1)
(54755,1)
(60887,1)
(77951,1)
(12008,1)
(67938,1)
(40631,1)
(68635,1)
(50231,1)
(93628,1)
(16275,1)
(75251,1)
(28109,1)
(60715,1)
(97217,1)
(32047,1)
(80650,1)
(49872,1)
(42327,1)
(84450,1)
(62371,1)
(90143,1)
(74217,1)
(86863,1)
(49015,1)
(19590,1)
(95292,1)
(65878,1)
(59039,1)
(12344,1)
(66686,1)
(83100,1)
(65678,1)
(23390,1)
(65991,1)
(85597,1)
(22386,1)
(61475,1)
(65537,1)
(8799,1)
(46303,1)
(96567,1)
(58731,1)
(84854,1)
(31442,1)
(72997,1)
(74947,1)
(99197,1)
(78517,1)
(50063,1)
(40563,1)
(47950,1)
(49750,1)
(25117,1)
(65659,1)
(72540,1)
(85517,1)
(68806,1)
(62072,1)
(53637,1)
(30225,1)
(49327,1)
(54523,1)
(86947,1)
(58286,1)
(68475,1)
(30202,1)
(84838,1)
(44434,1)
(55817,1)
(42071,1)
(42663,1)
(44807,1)
(74159,1)
(94220,1)
(62102,1)
(20263,1)
(75644,1)
(85669,1)
(82806,1)
(74701,1)
(45012,1)
(79306,1)
(533,1)
(70516,1)
(63253,1)
(60762,1)
(75034,1)
(68832,1)
(53822,1)
(43112,1)
(79075,1)
(49023,1)
(28753,1)
(62231,1)
(83643,1)
(92092,1)
(43225,1)
(88685,1)
(52932,1)
(43386,1)
(96091,1)
(54586,1)
(83856,1)
(75138,1)
(96518,1)
(96374,1)
(57001,1)
(18484,1)
(27790,1)
(54127,1)
(59731,1)
(59268,1)
(85202,1)
(28343,1)
(43571,1)
(50859,1)
(56478,1)
(43613,1)
(95959,1)
(29765,1)
(85083,1)
(41439,1)
(82831,1)
(75425,1)
(61054,1)
(89109,1)
(83258,1)
(49112,1)
(28190,1)
(10820,1)
(80849,1)
(49632,1)
(53432,1)
(57875,1)
(68956,1)
(82000,1)
(69343,1)
(42460,1)
(84039,1)
(42757,1)
(47404,1)
(72094,1)
(58732,1)
(66015,1)
(30300,1)
(99517,1)
(80162,1)
(23039,1)
(68944,1)
(78605,1)
(90479,1)
(27530,1)
(17122,1)
(62190,1)
(75347,1)
(58105,1)
(22788,1)
(44486,1)
(72993,1)
(70425,1)
(96218,1)
(98622,1)
(30915,1)
(74857,1)
(83608,1)
(2830,1)
(75233,1)
(56301,1)
(92195,1)
(29954,1)
(96147,1)
(99613,1)
(81427,1)
(73790,1)
(79174,1)
(84206,1)
(51914,1)
(48042,1)
(51601,1)
(84489,1)
(69098,1)
(21202,1)
(48660,1)
(69518,1)
(45315,1)
(30575,1)
(44890,1)
(67150,1)
(66574,1)
(66690,1)
(97429,1)
(49552,1)
(56267,1)
(72196,1)
(79178,1)
(75626,1)
(87275,1)
(30273,1)
(47577,1)
(67421,1)
(57051,1)
(43305,1)
(23680,1)
(54043,1)
(92292,1)
(76096,1)
(69710,1)
(74630,1)
(71603,1)
(41678,1)
(45622,1)
(89355,1)
(26884,1)
(9341,1)
(74376,1)
(86394,1)
(77352,1)
(88961,1)
(59980,1)
(62646,1)
(48124,1)
(77836,1)
(79596,1)
(13593,1)
(28061,1)
(59051,1)
(47775,1)
(68453,1)
(58692,1)
(28505,1)
(76602,1)
(94312,1)
(61654,1)
(94897,1)
(84606,1)
(80847,1)
(66384,1)
(86186,1)
(60850,1)
(68642,1)
(78241,1)
(30650,1)
(79055,1)
(73553,1)
(92464,1)
(49557,1)
(46321,1)
(81973,1)
(14975,1)
(54345,1)
(57550,1)
(94811,1)
(99082,1)
(48925,1)
(49638,1)
(80428,1)
(93381,1)
(91783,1)
(29035,1)
(93207,1)
(92589,1)
(91549,1)
(62762,1)
(19410,1)
(76557,1)
(58441,1)
(60362,1)
(97599,1)
(29299,1)
(57157,1)
(78494,1)
(51143,1)
(45309,1)
(66244,1)
(96639,1)
(51555,1)
(64999,1)
(43128,1)
(89419,1)
(73742,1)
(80335,1)
(87552,1)
(56854,1)
(51863,1)
(95465,1)
(62238,1)
(63145,1)
(42196,1)
(78357,1)
(61742,1)
(97158,1)
(51078,1)
(87257,1)
(27172,1)
(67461,1)
(88676,1)
(76618,1)
(25256,1)
(57983,1)
(67651,1)
(78342,1)
(43439,1)
(74566,1)
(75281,1)
(45249,1)
(42624,1)
(55094,1)
(32054,1)
(15645,1)
(61143,1)
(47974,1)
(97769,1)
(3952,1)
(86831,1)
(58576,1)
(48481,1)
(88258,1)
(55887,1)
(15749,1)
(43690,1)
(86270,1)
(86645,1)
(51805,1)
(58610,1)
(60393,1)
(52034,1)
(72462,1)
(27083,1)
(82642,1)
(61085,1)
(71220,1)
(84885,1)
(65936,1)
(27766,1)
(41034,1)
